dx= 2.38419e-07
Integral Value = 21.3333282470703125
Error = 5.7220458984375e-06
